217950 116998
251602 34430
98882 122447
52642 224747
139849 299950
227292 149896
184605 142630
61991 285138
157468 111871
8057 53146
63481 317962
100852 32440
88253 223600
256221 137112
296236 87228
79044 118604
101931 260608
151143 33304
252289 254898
168761 275306
151157 220839
50213 139654
6574 319340
299482 198914
319552 169293
214934 40905
41820 197615
88417 292062
190939 185572
132185 126599
307539 72237
167018 129836
199994 273242
76122 222337
60060 15213
35111 110152
250483 268079
177519 38511
50330 193990
132178 166402
193656 269296
174698 73496
224414 285621
304900 212465
103114 109425
226489 314957
183973 310416
261308 150051
70155 317172
118218 48399
