966472 1052357
380452 1227779
1623043 1390084
208038 1001074
27681 336354
523345 1219491
541887 1617267
1026999 483184
299299 1509132
1239800 527675
171574 444593
83703 939072
360593 1299323
338518 690603
276540 123751
1587684 375301
1092652 1854346
1591775 164913
1833475 1376112
1327903 1021767
547271 283580
972025 448193
1132427 875427
1105073 89798
795588 679763
976727 638480
656259 805440
822037 787378
552514 1650953
1346510 356354
1464839 546757
1346559 20617
1046381 1689060
523922 1194869
527759 800761
1576359 1188319
1464782 808263
1112393 704666
1104888 1456073
1448325 412587
1295088 694277
957047 936598
1209071 130960
144692 1730507
1248781 821366
1006799 853018
1061277 592133
89910 464422
356680 1299873
1312819 321194
