186399 206453
106474 399484
219775 41597
240731 182571
417012 345347
218133 101499
82209 119557
93458 188506
342828 9384
173475 148741
368975 307038
266403 288429
39969 357717
311623 141945
192685 230403
242487 387257
260867 187773
345397 57539
98052 233707
16974 272085
373200 393176
82255 231704
170699 374715
344226 41837
311543 79737
233022 342755
287214 273946
105391 434721
261648 309214
277313 107050
38771 199544
253430 282880
175642 183753
313912 290255
32506 97065
384664 320926
220613 381762
276063 158585
104682 393819
6425 183698
185170 419257
299734 236575
6364 172422
108080 330816
60885 371450
355708 233614
114038 221082
258459 178122
431418 72100
296685 11132
