361739 698672
686602 27291
546667 1044042
115105 421966
742805 335320
88673 333047
766579 263017
28100 848660
134765 11866
158576 949455
659282 327441
539004 639594
489044 463492
192295 127144
481860 1046443
273776 154436
946451 513773
90921 359195
783218 996886
1052751 190896
646797 149214
398569 982263
809772 870827
635036 38956
234560 955775
274945 143720
716892 344531
516174 154020
129998 118211
905861 756883
41614 404340
933700 561390
237886 310889
257739 652062
478200 1062969
173720 246425
43974 803673
382275 1044332
462808 85391
643063 593489
310505 612278
818016 667330
257389 17759
16738 751658
401809 616933
364903 404709
624617 364615
472495 193187
131865 294161
363001 263258
