127422 8465
1232927 813071
1137220 991262
1805482 1269434
1592922 1192861
1808283 1788438
1099529 443847
530037 58137
2067480 1873811
530180 341629
400695 93092
2688763 1338280
985918 266300
88032 7477
1553146 257003
1200361 785755
2033316 1272807
2258596 2042316
757029 51464
1088268 373728
2545112 1487877
1836318 1792612
1710897 133227
683897 404830
2283247 870893
750474 246271
862221 438056
979341 376879
634949 417555
1790534 529045
1843718 538636
1736062 1341124
694112 285086
747855 325574
666145 57850
877570 236430
1001754 404312
550640 501215
1182109 682020
1446382 669460
1495629 933596
579937 307447
1789760 420979
1959947 367040
2049694 1737174
2124228 588325
2271372 1712671
2327682 2273570
2563353 739274
2756216 656894
