287073 1247650
431918 1016797
288332 134757
1033037 34385
557602 485506
317159 1426409
904803 355663
429690 1027176
81986 452465
996228 1450881
1098003 1417318
983789 1141724
570356 769478
1314115 1068204
578749 762249
1089796 109931
1173097 821428
1242746 905098
1009492 315820
1452126 649422
1522827 303559
428881 753778
416554 174577
1311413 1002778
603816 1433509
1371807 1214702
134016 400271
1065797 526097
1191875 547428
787540 1451278
1312820 1288275
669313 795955
535808 1179004
78506 617836
1076450 1098507
1190018 1290647
901731 936434
100766 1310341
13223 613084
156824 163266
377135 1162781
350053 1234269
551291 744988
1436123 208340
786936 111471
879034 865381
320305 969330
972201 1456878
157366 408797
427327 497753
