811754 87382
179844 866857
881317 840836
847055 653874
162320 557269
670195 200894
986527 195135
202795 1070925
693694 432917
958914 294818
696398 871041
1085811 607413
489766 673408
521417 500948
502898 359053
289455 765002
498710 705591
327078 229797
546702 906884
681805 1081601
1142188 586242
253627 766343
54709 174515
18215 490777
405039 8291
1010348 24435
1024499 419272
383190 1034559
360863 369098
525742 22631
487826 769223
23824 458001
996120 923687
122085 719198
305354 118581
898109 855614
619753 444059
925370 844195
975300 706281
1079880 939600
619141 696867
124848 441729
1182695 109983
1194512 706837
760021 333989
430787 214500
1022149 933833
913301 1045570
911769 1180118
443920 862743
