33502 163335
198561 195430
40851 4310
19103 95503
65190 57030
172882 189944
181176 151910
177414 103345
186166 71968
50616 76333
56699 159358
103987 175817
75533 165171
191865 72103
35170 237017
207442 156433
62306 134007
58427 135252
91985 200812
242644 163590
40180 100359
38497 207344
180834 83150
129948 7003
259195 173121
147806 136543
179874 57536
189934 31336
138263 253856
246144 166336
25610 143842
228779 167251
78936 34136
124173 138439
260563 233292
193168 66816
29432 29834
193241 144927
161522 171446
176910 109129
251416 53900
201505 262626
86937 190907
35252 18638
92562 65120
230423 2724
17285 92411
177037 199832
68330 206280
61414 50367
